12.95
35.15
2.75
33.9
35.15
13.2
35.1
14.2
13.05
12.8
13.1
24.9
11.85
24.1
30.8
13.05
18.8
34.4
13.25
24.5
17.85
22.8
13.35
22.15
13.25
13.35
2.45
28.5
13.45
26.1
23.2
24.25
35.15
4.8
12.9
13.3
13.2
22.3
16.85
12.85
11.15
24.5
13.1
13.0
13.5
22.9
28.4
12.9
22.95
19.0
13.15
34.7
13.3
13.1
13.1
35.95
13.1
19.9
27.8
21.9
30.75
13.4
18.5
35.15
24.15
22.45
24.25
23.85
13.3
30.65
22.0
34.9
17.05
23.95
13.35
23.85
21.85
13.15
24.25
16.8
22.85
20.5
17.75
19.8
23.15
5.0
23.6
6.85
22.75
13.1
13.05
6.65
24.1
13.1
13.35
24.1
13.2
13.05
34.4
13.3
22.65
21.0
25.9
12.9
20.95
35.35
15.85
12.95
24.05
13.25
12.6
4.05
13.2
-2.5
35.6
33.5
-3.8
23.55
24.0
13.2
24.0
22.35
26.25
21.95
17.8
13.1
19.2
13.3
21.15
12.75
16.25
18.8
13.2
13.5
13.0
12.95
13.05
36.3
12.95
20.9
36.7
23.55
11.6
23.8
33.65
13.5
13.05
19.75
12.95
23.8
13.4
12.65
29.0
23.85
-10.75
13.25
20.0
18.0
24.05
22.6
13.15
23.55
23.15
35.8
22.85
24.35
24.3
33.7
12.95
24.05
20.0
35.95
13.35
24.35
6.45
22.8
13.05
19.15
13.3
21.45
13.1
24.3
23.5
35.55
19.35
12.95
25.65
33.45
31.25
3.0
34.45
23.8
-1.2
33.8
13.4
20.5
35.15
-1.65
24.35
23.35
6.9
5.55
6.1
23.45
22.1
12.95
24.6
13.15
13.45
1.8
13.1
23.75
13.3
30.3
21.7
13.1
32.1
18.2
13.35
13.25
20.2
25.2
6.1
13.2
13.45
13.2
24.0
22.2
13.3
23.5
24.2
13.0
13.15
8.3
23.6
23.3
34.4
23.4
23.9
23.45
13.3
13.0
24.55
24.0
3.05
28.35
26.65
18.95
23.25
29.0
24.2
22.35
13.2
29.7
13.25
33.8
13.2
24.35
13.35
13.35
23.8
8.45
13.25
13.35
31.4
24.15
25.7
13.2
24.3
13.15
35.9
24.2
29.6
23.5
33.85
12.75
33.35
23.15
35.95
24.0
29.55
13.3
26.0
13.05
31.65
13.2
13.15
23.65
-4.5
33.75
13.4
13.1
13.35
34.5
24.2
13.2
22.05
21.05
13.0
28.95
13.15
17.55
21.95
24.25
13.15
13.15
13.4
31.8
12.9
13.35
34.75
13.5
34.2
25.95
27.35
-1.4
13.0
34.4
33.8
20.1
23.55
22.5
23.65
13.15
21.4
34.55
19.65
24.3
12.85
32.35
23.75
13.45
35.7
32.3
13.1
13.5
-1.1
13.3
18.2
24.6
13.3
13.0
17.05
1.15
24.15
34.85
23.6
36.55
24.15
36.1
34.3
12.65
24.3
5.3
35.75
24.05
22.55
34.9
18.9
23.1
19.3
13.25
13.3
13.05
35.5
-1.35
17.9
13.35
18.7
24.1
13.35
34.45
13.35
26.95
21.8
24.0
13.3
19.35
24.15
23.05
33.2
25.4
13.45
35.4
23.35
13.3
13.05
13.15
13.1
30.2
13.2
34.05
13.4
26.2
13.05
23.05
13.3
23.3
13.15
36.15
13.25
23.1
25.6
25.6
24.3
12.55
12.95
12.85
18.85
15.9
13.45
23.95
27.0
13.1
13.4
17.05
28.25
12.9
17.05
18.0
13.3
31.35
12.65
23.45
23.45
25.45
22.65
27.75
13.3
14.85
18.1
18.4
28.0
13.15
12.9
13.3
2.25
12.85
13.25
18.75
23.5
23.2
34.85
34.7
25.85
21.2
20.35
13.35
13.25
13.0
24.05
13.45
12.95
32.8
23.9
24.3
24.9
13.4
17.8
22.8
13.45
13.25
13.4
23.5
34.95
22.85
18.9
4.4
13.25
12.75
12.95
32.7
22.75
27.2
13.0
35.0
35.25
18.65
23.3
22.65
23.95
13.15
30.65
31.15
13.15
13.4
13.15
8.75
23.6
12.45
13.1
12.9
16.6
25.3
13.0
19.05
35.55
28.9
33.9
13.15
35.6
21.75
23.3
13.2
13.0
24.35
23.55
12.0
13.2
20.05
34.0
13.15
26.25
13.1
32.5
13.05
22.45
22.5
34.3
23.65
24.15
13.05
13.3
13.1
12.95
22.4
30.25
25.1
13.3
23.45
24.05
24.05
26.25
24.5
12.85
22.85
23.8
23.05
34.8
22.45
22.0
33.55
23.95
12.95
13.4
11.35
18.4
13.25
13.2
12.95
36.05
24.05
28.55
13.25
13.35
26.55
24.25
13.15
19.2
25.1
21.95
13.1
24.15
27.55
24.1
13.15
23.9
22.7
34.05
35.05
35.95
19.1
20.4
17.55
26.8
9.65
13.35
19.0
31.05
13.2
24.15
10.4
34.5
33.95
5.8
13.45
24.1
26.75
26.65
22.45
13.4
34.1
17.4
13.3
24.35
13.15
26.85
34.6
23.9
20.4
28.8
13.95
33.2
35.0
34.1
12.8
17.65
31.65
18.6
13.0
13.1
13.45
22.15
20.0
24.05
11.8
23.8
23.9
18.95
12.75
13.25
34.9
24.05
18.95
28.75
13.45
30.8
33.5
28.95
3.3
13.25
26.0
13.35
-2.3
28.5
13.25
34.3
16.9
22.45
13.4
22.75
23.4
23.5
35.45
21.25
24.15
23.9
24.3
-13.05
29.0
13.25
23.85
13.2
13.25
12.8
29.55
13.35
21.25
35.85
28.0
34.2
23.0
22.95
31.75
13.45
13.4
23.95
24.4
35.05
35.8
35.4
13.25
22.8
13.95
34.3
13.35
13.35
22.9
16.6
13.1
13.3
3.45
13.2
35.25
24.3
20.35
36.2
10.05
28.25
13.45
25.7
19.35
13.35
34.5
13.1
13.4
17.3
13.35
27.7
5.6
19.0
23.0
13.2
13.35
-4.5
33.95
24.4
24.0
13.1
23.25
16.3
13.4
18.5
22.95
13.3
36.1
23.7
20.55
12.5
23.0
13.2
21.55
13.3
13.25
13.05
13.0
17.95
13.35
13.4
19.0
13.45
23.85
24.7
8.9
23.9
24.05
23.15
13.2
28.2
13.3
24.2
31.65
12.8
26.3
23.35
24.1
29.45
13.3
13.2
29.8
13.15
-2.4
35.7
12.65
13.1
13.1
23.6
17.7
24.5
12.65
35.6
25.5
25.7
22.45
13.25
18.1
24.25
13.1
17.45
18.2
16.6
29.55
13.15
35.5
13.3
13.25
33.85
13.15
13.25
12.9
26.25
23.6
12.95
19.5
12.85
13.2
13.4
33.9
21.45
28.2
13.45
13.0
22.45
33.75
12.95
16.15
21.8
13.25
13.25
-1.35
24.5
12.85
13.1
27.7
18.05
19.0
20.6
23.25
18.95
36.2
13.25
11.9
35.95
12.95
-9.4
19.55
34.25
24.4
26.9
30.2
13.1
21.25
33.7
13.35
34.45
13.4
33.5
34.1
20.35
25.1
13.25
30.85
19.4
28.8
17.9
13.25
12.95
18.8
16.15
21.5
13.35
24.1
34.9
17.7
12.9
28.65
13.25
23.95
-8.7
21.75
19.3
23.7
23.95
34.8
18.2
13.15
23.85
22.9
17.75
33.3
18.15
23.75
13.25
21.2
28.55
18.9
4.15
20.5
35.15
13.4
-1.55
35.55
35.8
24.25
28.2
29.65
13.25
35.4
12.95
23.2
13.2
24.2
7.4
13.2
29.3
13.5
19.4
23.65
26.95
23.95
28.0
18.2
13.15
17.25
13.5
19.2
24.0
19.45
33.65
13.45
22.7
13.2
-11.85
12.65
23.25
16.35
6.7
23.3
23.65
12.95
22.1
35.1
12.95
23.05
18.45
17.95
13.2
23.2
11.25
3.3
20.0
24.3
24.25
22.6
22.0
23.9
-2.25
23.3
24.25
24.1
13.5
22.75
23.65
13.15
13.4
-2.15
21.15
13.1
24.35
12.95
23.6
22.45
24.65
13.05
6.9
24.65
18.85
13.25
12.95
28.8
23.7
13.3
21.75
12.8
22.85
17.45
28.05
13.1
33.4
13.2
13.0
20.2
23.65
24.6
13.5
23.4
13.3
11.3
-5.55
34.7
23.1
35.45
34.7
23.75
27.25
13.8
27.9
13.25
17.05
23.2
22.4
13.45
13.2
13.0
17.85
19.9
28.6
12.9
13.15
35.6
13.15
13.4
13.2
26.0
32.4
23.5
-4.75
19.85
19.95
17.4
13.15
13.0
13.25
12.9
1.7
20.55
13.2
13.1
22.6
13.4
23.65
17.8
13.35
23.95
24.3
13.05
13.3
13.35
9.85
12.85
28.5
29.55
20.0
22.0
22.35
23.15
30.9
29.85
13.45
6.5
24.4
18.05
13.5
22.6
13.15
12.95
24.35
14.3
23.95
13.45
18.0
23.35
21.4
23.35
35.7
13.1
13.1
19.75
7.3
13.4
13.45
13.3
35.75
35.35
19.7
23.4
35.95
24.3
13.05
-2.7
7.25
12.0
16.85
34.3
22.45
34.8
23.4
23.85
27.4
34.1
36.25
23.1
2.65
13.2
13.4
13.0
26.6
23.35
36.05
13.1
23.3
23.3
28.75
23.3
31.55
12.75
17.85
3.9
35.35
34.15
13.2
12.85
23.85
28.2
21.55
12.8
24.25
24.15
-0.55
34.6
12.8
26.45
13.35
13.2
24.4
35.05
16.75
7.3
17.5
23.35
21.4
24.1
-12.65
13.45
18.9
19.15
13.2
12.95
18.6
24.0
23.1
34.6
24.25
19.4
34.55
17.6
12.75
13.05
24.0
13.2
35.25
21.45
33.75
24.2
35.1
23.8
22.65
17.15
24.4
13.4
13.25
13.2
24.4
31.4
13.35
12.75
24.15
24.35
35.95
5.35
20.4
19.3
23.8
24.35
3.8
29.6
17.45
23.95
23.65
23.85
23.85
28.35
35.25
23.2
20.4
13.25
35.8
13.15
13.4
19.4
-3.6
23.8
36.3
2.1
0.75
18.5
1.25
13.4
20.5
13.1
26.9
13.05
13.0
13.05
23.8
23.8
13.1
23.55
18.1
34.3
22.15
13.4
16.7
13.5
12.85
23.7
34.6
13.35
13.35
12.95
13.35
13.45
13.25
13.4
13.3
13.35
27.2
24.1
19.15
16.4
24.2
23.95
13.0
12.8
12.15
13.2
-1.6
12.85
28.1
19.05
25.0
12.55
24.2
20.3
30.5
34.55
13.15
13.1
13.2
24.3
13.25
12.9
13.0
34.85
32.15
23.75
12.9
23.55
5.35
35.7
13.15
31.7
20.1
13.35
13.35
12.85
18.5
25.5
24.1
12.95
13.3
36.9
12.45
35.1
13.4
13.4
31.15
24.25
13.05
32.65
12.8
30.7
13.2
28.65
12.75
17.45
5.0
23.9
29.9
13.15
17.15
35.15
25.75
12.95
18.6
13.5
12.8
23.65
13.15
11.1
24.35
23.25
15.0
13.2
33.3
19.5
-0.25
23.35
34.5
23.9
13.0
13.35
13.25
13.15
30.95
13.05
13.5
24.25
23.75
7.0
23.7
33.6
23.65
13.05
33.3
13.3
13.4
22.35
13.25
14.25
13.15
13.4
6.8
24.1
30.7
25.95
23.85
13.15
22.0
34.6
21.2
13.35
13.2
13.3
5.7
12.85
2.45
13.4
34.65
24.05
17.95
16.95
13.25
22.45
15.45
29.1
19.5
7.65
13.0
26.3
24.05
-3.3
23.0
30.85
13.0
21.45
35.6
13.1
13.2
13.05
13.1
24.05
13.05
23.75
24.25
13.2
25.3
22.1
28.0
13.3
22.5
23.55
18.35
23.9
16.8
23.65
13.05
22.4
33.45
35.1
35.15
13.35
23.15
13.25
21.3
12.6
13.25
12.85
21.5
28.35
37.35
22.15
17.7
29.75
35.8
3.1
13.15
12.95
34.3
32.3
13.1
13.45
17.5
12.95
13.05
17.95
13.25
13.3
13.05
13.5
13.15
23.9
28.5
24.1
23.95
18.45
21.65
35.0
23.4
36.2
13.15
35.15
19.45
19.8
-2.6
11.8
6.65
17.45
28.3
13.35
31.65
13.05
22.9
-6.7
13.5
13.35
22.35
13.3
19.0
17.8
13.05
13.1
28.15
13.05
12.6
13.5
-1.2
30.75
17.05
13.25
13.25
17.75
23.8
13.3
13.25
13.15
23.8
22.5
13.2
20.95
13.4
23.75
35.8
23.5
27.5
23.9
22.65
36.25
12.75
30.55
28.6
5.7
-10.0
12.9
24.3
13.25
15.45
13.0
7.7
-0.25
23.4
27.55
17.9
13.3
12.65
13.3
23.3
34.95
33.1
33.35
18.45
23.0
23.95
20.6
24.3
12.8
13.35
35.1
13.3
13.25
22.9
22.7
23.05
28.9
24.35
22.8
12.7
13.45
30.65
1.8
17.35
23.7
24.3
23.55
13.05
34.75
28.9
23.7
18.25
13.2
12.15
26.35
24.35
13.0
13.15
13.1
22.25
24.25
13.15
29.5
23.9
13.0
21.8
0.8
13.25
13.35
13.05
13.2
17.95
24.25
34.3
36.05
20.2
13.35
27.15
26.25
26.55
13.4
22.35
16.25
27.2
24.15
22.65
13.3
9.75
13.05
13.2
-5.05
33.35
0.2
24.2
35.75
13.2
13.15
20.55
24.25
18.2
13.3
32.85
23.45
19.0
13.5
18.25
13.05
12.95
23.8
24.45
22.75
13.3
13.05
19.05
34.55
23.8
22.8
13.15
23.6
25.05
24.05
16.7
24.4
17.6
1.75
24.1
17.7
13.05
13.4
13.45
13.5
22.5
13.1
30.4
3.8
12.9
12.7
22.95
13.15
23.25
12.9
13.1
13.4
12.75
-0.95
23.75
21.1
33.55
27.45
13.1
24.0
22.55
13.2
12.9
13.2
12.95
13.3
34.85
13.3
24.25
13.05
13.25
13.2
32.6
24.4
13.2
13.5
23.85
17.1
24.15
13.15
23.35
13.2
13.15
13.3
24.4
23.75
13.25
13.45
13.05
13.5
24.35
26.6
5.85
24.2
4.8
29.8
21.35
20.2
12.8
35.1
13.5
21.55
24.05
13.3
24.25
24.15
22.55
21.85
22.4
12.95
18.95
30.15
34.35
23.95
13.45
21.35
13.1
28.05
3.75
13.4
13.2
22.9
23.55
13.1
29.2
22.85
13.15
13.2
21.1
19.95
13.35
13.45
22.4
35.5
24.05
17.8
16.5
13.25
24.0
23.1
35.05
12.95
33.5
23.55
23.9
13.0
13.25
8.65
13.05
13.15
19.75
12.7
35.2
24.4
13.35
23.65
24.2
13.1
13.35
13.45
17.6
30.55
19.05
13.5
13.15
23.3
13.3
0.2
4.5
22.45
13.1
23.25
13.2
6.8
30.45
18.95
13.5
12.95
23.5
32.5
13.05
21.65
22.15
13.05
13.3
7.25
18.25
23.5
13.15
23.7
21.3
13.1
32.75
25.8
13.05
32.6
27.85
36.25
23.4
14.45
23.7
34.95
13.4
23.1
20.85
13.35
20.65
28.2
30.85
23.85
22.75
10.8
33.6
13.0
22.5
13.15
5.5
25.1
12.85
13.05
8.9
13.15
24.9
35.65
18.15
33.15
23.3
25.65
35.95
17.3
24.15
13.65
13.3
23.45
16.05
35.45
21.8
13.05
21.05
24.25
22.65
29.15
23.65
23.75
24.25
28.65
26.8
13.35
27.2
23.95
13.25
-1.0
13.35
13.1
20.8
17.75
12.95
0.0
24.05
13.25
24.1
13.5
13.35
21.25
24.15
13.45
25.0
-0.2
22.9
26.75
11.05
23.65
24.1
13.2
18.45
23.85
-9.55
17.65
35.3
2.45
25.2
22.2
13.15
3.85
23.9
13.5
33.9
19.3
23.9
23.8
13.0
27.85
18.55
24.05
13.35
-6.95
0.35
13.25
23.8
17.3
35.2
18.3
-1.25
31.1
23.55
35.35
13.4
18.2
19.05
30.45
18.65
33.95
30.35
13.4
22.95
29.7
16.45
18.7
13.1
13.4
35.45
23.65
23.75
13.1
18.45
-1.85
2.25
19.8
24.2
13.1
29.85
19.65
13.15
34.05
13.25
13.0
8.9
35.15
34.75
23.55
32.95
21.0
31.75
18.0
23.85
13.2
23.0
23.9
8.8
12.85
20.55
13.1
10.3
22.5
23.85
13.35
13.45
13.15
13.05
24.25
23.0
34.5
24.15
24.35
13.3
20.25
24.15
27.55
35.6
-10.05
-0.5
21.2
13.2
13.45
17.45
13.3
13.45
23.15
33.5
23.5
35.75
13.25
24.2
13.45
1.95
22.2
23.8
13.1
6.75
18.0
36.7
35.7
35.95
13.15
24.3
12.9
13.4
12.4
8.85
35.45
23.6
26.05
13.35
13.15
23.15
13.45
30.4
13.3
12.95
21.4
24.15
19.3
25.5
13.0
17.85
24.0
19.6
21.05
22.65
16.6
13.4
25.65
29.55
23.95
24.0
30.8
23.85
25.5
12.75
24.05
19.85
23.5
24.2
13.25
34.6
24.3
12.8
21.05
12.95
12.85
23.3
6.05
21.05
21.5
23.85
19.55
22.9
35.55
13.35
22.4
13.2
13.3
19.65
27.45
13.0
18.65
13.25
30.45
13.0
13.5
25.8
31.85
24.35
13.2
10.15
21.6
34.8
6.15
24.35
22.85
19.75
12.8
13.3
34.35
4.1
13.05
23.85
19.1
23.7
23.4
34.6
28.8
13.1
23.1
13.35
13.3
23.6
13.25
34.25
34.5
22.75
13.3
12.45
13.2
13.25
24.0
11.4
33.0
13.3
-1.75
-7.1
23.55
23.5
21.2
21.35
24.2
13.15
24.05
23.95
13.4
18.35
13.05
24.05
13.45
18.0
12.95
36.2
23.0
24.3
22.5
12.3
13.05
22.75
13.05
13.2
34.9
18.7
12.7
13.15
13.4
12.3
13.25
24.3
24.65
30.85
23.8
12.75
25.7
13.2
23.75
24.15
13.2
22.9
18.05
13.35
22.95
13.05
9.05
23.6
24.9
13.3
12.9
13.45
23.1
18.5
12.85
12.85
7.65
13.1
24.35
24.1
13.2
25.5
13.3
36.15
23.55
13.25
22.55
23.3
13.35
35.25
25.95
24.25
23.7
13.2
13.05
23.1
17.75
23.75
13.35
1.7
23.85
32.85
23.2
13.35
13.4
-4.95
12.95
23.75
22.9
10.25
33.65
36.2
19.6
28.25
18.2
32.55
16.15
25.85
12.8
24.15
16.95
13.35
13.4
26.0
23.45
13.3
26.35
35.3
23.9
23.0
24.2
22.4
13.3
18.45
14.85
12.6
23.25
13.3
34.55
24.05
29.1
13.1
23.7
34.7
13.3
13.35
32.55
12.6
10.0
17.6
13.15
17.2
17.7
13.1
24.2
23.35
13.1
23.25
22.75
13.05
8.1
22.75
26.45
13.5
13.3
13.25
31.55
23.95
17.6
24.0
13.1
21.35
12.85
29.3
17.35
7.95
23.85
13.0
22.1
12.85
27.65
23.6
12.85
13.4
13.3
13.3
25.65
13.3
17.65
13.4
36.5
19.75
35.25
34.65
29.35
23.2
24.1
24.05
36.0
13.3
34.8
26.2
22.8
17.05
30.3
-2.45
34.15
20.0
14.1
23.05
12.9
35.95
12.95
23.85
13.25
-7.6
13.35
19.2
28.0
13.0
13.1
13.25
23.9
2.0
24.0
13.15
-4.6
12.75
24.25
24.2
13.35
35.9
24.2
23.15
20.05
35.85
30.35
18.75
22.45
13.25
23.9
24.25
28.95
31.05
17.65
18.15
13.0
23.2
12.75
22.2
-1.75
13.15
19.1
31.15
13.15
13.25
-11.85
18.35
13.4
17.55
31.75
13.45
35.65
13.35
24.15
28.3
12.9
7.0
13.2
23.35
28.45
17.75
13.25
24.3
17.6
24.3
13.05
7.7
33.1
23.85
34.0
13.35
34.0
23.05
17.0
12.8
13.35
13.35
27.9
24.3
33.75
13.15
12.55
13.25
24.1
30.05
34.6
17.4
13.0
26.4
13.0
13.4
34.05
13.05
12.95
13.35
24.0
7.35
24.1
25.85
13.2
33.85
24.05
13.2
13.35
17.35
13.1
13.05
23.55
13.05
29.7
27.25
12.8
12.95
13.05
13.2
24.05
35.4
21.7
35.6
13.15
22.85
19.05
24.25
23.75
13.4
21.75
23.7
1.4
13.35
24.15
13.4
33.4
13.2
35.3
13.1
23.15
13.25
13.5
31.1
24.4
13.1
15.1
19.15
13.3
16.85
13.45
17.6
13.25
35.65
13.3
13.4
23.8
28.95
24.4
23.5
16.9
23.65
-10.75
9.6
22.8
19.85
20.05
23.2
13.2
22.5
13.3
23.7
22.5
24.45
23.9
-16.7
4.9
16.55
13.2
22.95
13.35
13.1
27.7
28.95
13.2
35.65
34.55
32.0
23.7
22.0
19.7
34.95
33.7
26.85
13.15
13.35
19.15
23.55
2.75
23.95
13.0
13.35
22.7
13.3
23.85
13.2
13.3
13.2
18.35
19.75
13.0
-3.0
17.45
18.15
36.25
22.6
16.9
13.15
16.85
23.75
22.45
27.8
25.95
33.3
18.7
8.0
26.3
13.2
13.2
13.6
13.4
35.45
22.95
13.15
35.35
2.95
13.05
2.2
24.0
24.55
33.15
13.35
35.25
30.85
21.65
24.3
24.05
30.3
32.1
19.7
34.25
24.1
22.8
13.45
12.95
24.25
12.75
12.7
25.3
24.45
17.3
22.7
21.65
24.95
13.45
35.1
13.0
13.15
22.8
23.75
34.4
27.45
13.45
13.45
17.45
29.4
17.1
22.7
37.05
13.3
34.5
13.05
13.05
12.75
34.7
23.8
12.95
13.25
18.45
13.25
23.2
13.2
17.05
2.05
24.05
24.0
24.1
27.75
35.6
23.85
22.8
36.35
24.2
13.0
23.4
13.15
13.3
13.45
13.35
20.9
13.0
31.95
19.45
35.05
13.45
16.95
24.15
35.8
29.6
23.2
20.45
13.35
31.8
22.75
20.45
7.75
23.55
29.2
13.15
28.75
23.5
23.0
12.75
13.35
26.85
13.05
13.0
12.95
34.75
23.25
5.8
31.6
36.45
13.6
13.3
23.9
34.4
23.15
12.9
29.65
1.1
13.25
13.25
13.45
13.2
35.85
13.45
25.65
26.65
13.0
23.7
13.3
13.35
23.3
30.05
34.05
13.25
24.05
-1.15
23.5
13.15
12.85
8.8
36.1
12.6
13.15
24.4
21.5
13.45
18.3
24.05
13.25
26.05
24.2
13.15
23.95
13.35
34.5
24.15
24.2
19.85
13.35
33.95
13.35
20.0
13.5
12.7
12.8
12.8
12.95
36.0
21.0
35.3
34.1
28.75
13.45
35.75
13.35
13.05
16.9
24.8
13.2
13.15
33.2
24.4
13.05
22.85
17.7
28.7
16.95
12.95
13.1
12.95
4.85
13.5
24.3
16.5
13.35
23.25
15.8
13.2
26.05
29.75
13.35
24.1
26.65
22.05
23.3
19.75
13.25
13.25
13.2
5.05
34.15
13.35
17.55
24.0
12.9
13.3
23.0
34.55
13.15
33.95
-9.6
-1.3
13.35
17.45
12.75
13.4
22.85
20.9
21.45
16.35
13.05
23.7
13.2
2.15
36.7
13.5
12.8
33.85
16.7
26.4
23.65
13.35
23.95
32.15
35.95
22.45
29.2
13.45
23.2
13.4
12.9
16.3
13.25
23.55
25.55
13.4
13.35
23.95
13.15
6.2
24.1
13.05
24.0
13.2
13.4
35.6
22.35
13.1
13.05
20.2
13.05
23.4
13.0
23.1
13.45
24.3
13.05
13.2
13.2
12.8
20.25
-1.2
12.8
13.4
13.3
13.1
13.1
18.05
23.15
24.0
13.05
33.0
13.4
13.25
19.35
11.1
13.4
13.35
13.35
18.75
16.65
28.75
23.05
24.05
29.05
23.8
13.3
13.2
13.3
26.95
-2.5
24.1
13.35
31.75
32.35
30.35
13.35
23.95
35.45
12.85
21.1
12.85
13.3
21.95
13.1
17.2
33.45
34.0
13.4
28.2
17.15
13.45
13.2
13.45
13.35
13.1
23.95
13.0
13.35
12.95
7.95
-6.5
31.95
31.9
21.2
13.3
13.3
13.15
-0.25
0.0
13.45
23.45
12.55
13.0
21.7
13.1
24.1
29.2
13.5
13.2
13.0
33.6
21.0
13.5
22.9
35.15
17.15
23.9
36.0
12.95
13.0
21.8
36.1
35.65
13.1
24.15
17.8
12.55
35.35
24.1
12.95
27.05
26.7
21.6
13.45
3.15
21.7
9.05
-2.9
13.2
13.3
12.75
31.5
35.15
23.65
33.05
-7.1
23.75
23.8
22.6
24.05
13.15
35.6
29.6
22.85
13.2
2.45
13.35
22.2
34.0
13.25
13.15
24.15
22.3
30.8
24.25
24.3
13.25
24.3
13.25
23.9
35.55
23.8
25.9
23.85
-5.1
17.75
12.85
16.15
13.5
13.35
13.1
35.15
13.4
13.25
22.7
22.75
23.0
22.4
21.1
11.85
20.9
24.2
13.2
23.25
21.15
13.3
35.0
