1000
2
5
5686.2609
8702.1476
9836.2323
2950.1737
6664.6016
2266.1191
7997.3426
8077.2531
2938.632
2169.8298
1278.3616
7521.1685
9186.8338
88.7749
1382.0223
1099.7536
6368.8742
7062.6226
7848.1167
48.8272
6696.3567
5351.2937
5475.4922
2553.5914
3877.5907
4516.6684
2990.3404
5487.6578
3558.5554
7918.7142
7685.9811
5611.0276
4704.4852
5436.5412
5077.2245
8048.7108
6672.1266
2268.9822
6831.2307
6539.9664
1831.4307
3455.6876
8806.6059
5556.6064
9674.9266
4128.4532
1406.027
180.5389
4747.359
8789.5258
8646.3992
2331.8901
3529.8551
909.6901
2278.9749
4226.4576
2262.0282
3244.074
6094.8282
1582.2956
9393.1959
2421.6401
4878.2615
45.0242
7920.682
2468.4622
8986.0052
1335.6564
1467.6134
3323.1677
4694.8848
6316.4826
8273.502
2532.8365
3464.322
6248.8559
9612.307
1499.2358
5030.7969
241.1393
3604.6128
7681.3653
5596.0991
437.6891
3544.5446
2304.9104
3878.4765
450.7273
4163.9489
7071.7206
8728.7262
2887.0112
9746.0784
408.1976
463.174
3603.7725
1716.7558
1807.7624
240.8091
463.5235
9995.6245
6324.1982
3526.1265
6186.7105
3832.059
2938.6217
9416.1816
2055.1643
3881.4303
9677.3392
6915.9807
5125.2151
4292.369
9904.2298
4493.68
2880.2727
1792.5689
4502.6685
243.9668
6418.1129
4766.4461
2293.8542
1670.0806
8193.8629
2934.1825
2218.0646
7596.345
6338.8783
8143.5588
1596.9279
6800.9462
2974.6152
675.1157
5299.2099
1309.7148
6679.1765
1899.7051
2206.9714
6976.6777
9603.3212
7959.5632
5357.5317
4140.4923
4326.0128
6321.2755
1939.4415
4358.7349
2503.2686
4655.6812
4767.9785
7767.7064
4076.0709
43.684
5966.076
2359.8365
5920.6942
1753.8979
243.8127
5890.8824
952.6285
4383.9092
3273.974
5852.5065
5237.3982
8498.0149
4345.1122
1436.4096
2395.9636
3432.5118
5651.4174
9178.9896
2998.9924
4903.5354
6457.0338
9086.5497
7300.4814
2384.4117
4248.3722
8813.0256
839.6453
603.7919
2148.6969
2855.7929
5739.0095
2314.4728
6851.4969
7033.7264
5825.7529
926.8831
8594.8151
3459.4657
7280.326
7859.08
8089.1854
6229.2294
3908.0122
8330.5104
1690.3585
9021.3375
9453.1705
3858.1781
6901.6339
7707.0311
3915.1585
5022.6239
2399.9636
6754.1026
6901.1954
1514.853
2279.8575
2626.4367
1871.5269
9586.8175
3659.3906
722.1338
7923.1056
4505.7086
2433.5099
925.8666
5050.9226
7378.5578
4013.279
6208.0595
7838.2234
901.7966
5448.5565
8691.9362
2143.7016
1312.8534
1552.8969
3263.9892
3664.4261
5676.6166
5550.6457
9594.6526
5564.1358
7037.0098
4499.7199
9772.9297
5753.2147
1210.1029
1011.6865
4192.1207
3709.0648
3367.9548
9629.1153
8775.0032
7751.7419
7441.1845
1009.5142
8254.9441
5956.1418
3609.1094
5211.9328
701.6504
9508.0652
147.0568
5458.1738
6057.7027
6998.657
1619.9257
4014.7656
5193.4437
5309.6302
9026.3081
6419.857
1172.5508
798.0972
4164.7114
1979.2835
9513.5575
5911.6122
1461.5046
5246.4704
5831.4602
6218.2058
1119.6524
3474.6834
7137.7036
3535.2669
2667.2236
5601.8008
3591.0623
8983.9231
848.766
585.9892
8748.7779
4506.7892
6101.7741
9579.4984
3524.1002
551.0648
1966.8998
3153.7335
445.7858
5816.3592
5798.9743
2839.6862
1368.4207
9816.5078
4813.3159
3554.8819
2931.1692
794.6001
112.8903
605.8177
1453.0748
8171.9754
485.336
3661.6227
276.2831
5035.0668
5467.4475
498.437
4447.3519
3346.6775
1882.5295
5002.9918
4947.8901
2511.0046
843.0542
9636.8728
5193.7569
9174.4099
186.7949
5094.2162
6069.3852
640.7674
4336.3655
9303.6045
5175.4363
1006.3899
9070.83
1677.3541
8095.1693
9855.4662
8819.0302
4187.1382
9027.716
4384.7453
8866.488
5118.539
310.4855
2768.5605
5187.7691
8360.9735
9923.8595
2581.1214
6567.9677
8225.0638
8309.2054
2700.5469
2707.8653
2724.7533
6715.5595
5371.94
7541.9349
7391.5499
1380.3564
3967.9566
908.543
2299.6408
7483.9522
7337.3525
6377.8473
6462.7413
9540.2107
9827.8725
3684.9951
5113.6921
8090.1983
4626.4403
6195.9127
5403.9657
289.2302
6427.9797
97.7472
6964.2116
7041.3899
7427.8581
6027.1807
4430.2529
3148.1232
4351.8168
1729.4854
92.2921
6560.7176
6589.342
4018.8596
9968.5684
9104.4415
7882.4778
8937.9234
4700.7194
4820.259
8320.1489
6593.4644
3343.294
4887.7219
9002.7631
8833.7674
3113.7989
6884.2957
9514.6641
2217.9856
4781.843
4594.9842
523.0779
3383.5297
4279.7602
4544.5347
2937.5464
9818.4436
8961.7538
122.5459
7848.8934
1627.9477
258.4585
279.6735
9200.548
403.145
5267.8591
1519.5134
5564.4855
4690.1717
7915.6321
1401.3852
4836.359
6202.4158
2078.5804
3380.8582
4536.4544
2704.7972
8417.2538
4462.9543
2391.7447
4079.8052
270.4342
2527.5083
6530.56
9916.0869
4518.5826
1710.7241
9611.5572
7415.5007
8264.2944
4666.4763
976.2761
1967.6288
3131.8812
2309.9572
3276.8661
7279.5282
3934.0334
3390.4297
5503.6115
3209.5372
9261.036
3800.1834
5140.5357
9763.2071
5446.7713
3708.619
7840.0923
3388.8949
3228.8604
6127.691
8578.8269
4384.2464
3929.7371
63.0407
6462.1849
1882.265
3289.4114
2427.2895
2036.7957
4067.5685
371.6747
7977.4719
3467.3105
6525.6764
1479.187
2551.1018
5704.904
1713.3963
2724.792
3700.3158
4204.0153
8481.2766
6499.7988
9301.5881
2295.3338
5911.5568
8082.61
2200.8421
3680.0913
5824.7588
8992.0333
2319.0168
9877.4205
149.8358
3264.9104
3391.5436
8754.2397
1643.1841
6560.9094
4980.6527
5547.7057
4140.9358
3295.059
440.4654
1423.3216
6954.8003
6146.9654
2025.2609
9159.1415
65.5319
8278.8592
6435.4156
3051.2695
7090.6369
1380.0576
867.6755
8531.2944
6083.2476
737.039
592.2027
7928.3518
9635.1199
485.1886
7211.5076
8242.5639
387.1485
7193.2603
9809.6404
3006.5715
1956.4586
4330.4937
648.93
7495.154
7415.1593
2348.3775
8948.1886
6811.1845
5452.4903
4970.2842
1513.1832
4892.0256
9525.6537
691.8698
4125.8987
8168.5042
9202.4292
6461.6979
4601.2978
8998.0058
1494.1143
2869.5509
5644.8418
1593.7161
6314.4475
3930.7024
5789.0061
3565.3209
792.2079
9143.5424
6779.0893
1144.5694
9020.5208
1561.4887
2080.4706
184.3323
1065.727
6721.2769
2213.9931
6294.248
2105.9251
4041.7895
117.9306
1520.9623
3515.5365
7888.9436
3408.4299
9906.4772
637.2204
3616.5524
4088.6809
8710.3307
6130.8797
6894.707
5694.471
3153.2486
1183.9997
7348.9202
459.3683
3797.1521
4187.6628
8282.8303
4187.2216
6310.5398
47.3969
2101.5848
1280.3394
2690.1805
5309.205
3193.6607
5442.0757
3346.1101
9717.9728
7355.5997
2584.5038
7320.5818
6590.94
7016.6703
2595.1836
6297.6482
6873.1077
1623.6369
5926.0427
6247.4059
8662.6769
8626.5469
5144.7328
8249.9303
804.1844
3405.2315
1587.7892
2029.1603
2663.6519
4961.2572
208.5701
3309.0082
3743.6808
4278.4203
9597.8638
1309.4998
1206.4687
8105.2242
6538.3885
6355.6494
4436.257
3906.2559
8406.6221
8606.1508
3315.0972
7690.6091
7466.8351
441.3765
4690.3765
9695.7007
1005.7708
1657.8732
6016.2204
1919.6272
7099.1386
3393.9476
8473.9591
1171.2347
7804.2052
2164.914
1437.9694
9652.1174
5737.0238
5808.1242
7396.6555
3049.8767
5265.9639
8260.3815
6657.0702
1552.8971
5594.6045
8967.3944
2468.4611
5538.9449
7152.3572
6370.8346
4890.4396
8660.4643
6076.1326
4176.6726
7906.6426
9110.0311
2174.7867
8652.6848
5790.0815
5028.9308
2383.5972
6251.5716
5035.241
4792.348
361.7472
6652.1203
8931.612
2595.3409
5008.3162
5091.7696
6861.3895
8081.4942
1510.0181
3875.0565
1722.3186
9968.1404
5182.6827
7890.6333
6972.1261
9444.1015
6169.3827
4426.0701
4711.4229
5691.6353
6650.1726
3338.9714
276.0221
8849.6252
5438.2772
8642.6605
6199.4268
2067.0106
4500.8108
6083.6032
7958.7085
4508.3219
4410.5827
7677.0357
8359.4748
5630.7088
4674.4239
3976.252
7045.209
3190.3698
6122.0053
3725.7799
4725.557
278.4525
3294.4353
1008.766
5412.6096
8002.5787
8450.6671
1114.8268
9365.9802
3996.9156
247.2092
9560.3263
8099.5236
5075.1483
8184.9492
9901.486
1125.6585
223.7205
9778.8549
7366.5267
600.0856
7912.8071
6638.55
3581.5887
2620.2904
324.0089
926.2689
2711.5419
9439.6902
197.3478
5576.2416
8088.0114
3789.5231
3805.4671
3184.3822
692.6485
2156.4202
4489.4684
1200.0616
275.9605
8935.2993
7256.3382
6346.3187
3412.2308
9657.8647
863.4158
1561.0301
9272.6932
7144.6664
251.1358
3831.3538
4645.9321
2773.8858
4004.1359
6143.5452
8665.7561
5377.453
7910.0029
4679.7465
9081.8735
6993.1483
6845.3894
6006.7289
2218.8537
339.9269
4791.7024
1649.0278
3195.7755
6389.901
1496.2134
9934.1729
496.0899
5379.9236
6590.0899
4512.8314
3541.7389
1492.3025
6316.6469
1476.6094
7757.4752
7666.656
7335.8558
606.8626
5341.6562
6590.7272
6122.0381
8771.2787
3412.1511
442.1556
9856.4105
5608.1665
5194.7088
4863.3204
2319.227
5886.8093
4970.9083
7133.0674
6816.877
1043.7249
8438.2729
7605.9871
117.2841
4318.3199
399.6438
1159.4027
4654.7198
7477.6184
7939.4539
4682.1635
2613.2142
6512.6309
6882.5214
868.8307
8545.0691
3746.0589
73.1814
1020.3831
4089.1916
9164.0611
3563.192
6738.8789
6267.2253
2306.1497
8121.297
9078.2247
9129.5198
1738.8731
5962.4619
8154.7013
4851.8772
5364.9534
2817.4667
3090.4557
1903.5819
943.2842
1577.1854
7213.4615
9375.7797
7779.0281
2317.8797
5452.0917
5101.2926
1201.2518
574.2887
2041.8908
3984.6249
6788.8137
4810.25
9710.7906
8787.4774
9235.1886
4882.2486
4687.0549
5559.3903
3994.9335
9220.2995
869.513
4548.6546
31.8356
3426.1701
6754.0751
1947.2374
7917.015
8640.6387
1200.5037
5206.191
3106.4603
8700.6829
7552.8543
6534.0435
1240.6482
7873.9864
7705.7676
696.8197
6275.8263
6347.0386
3820.7429
594.7972
9433.7518
9403.3143
3764.6801
2595.8323
4271.5042
5691.6744
435.6229
7512.8003
5382.6696
8728.8876
3293.9604
1839.4064
3394.6616
4232.1864
9545.6671
2937.0373
5160.1731
2854.9271
3940.125
8930.5644
9432.8518
6808.0877
8932.6373
1587.8503
8611.716
1274.469
2107.8393
3230.2744
4831.2345
9075.9309
8679.2052
2413.7337
9102.9386
274.6015
19.3577
725.9306
5456.2048
4802.7895
7656.3756
9999.2062
8499.3229
8818.0732
8436.4186
7884.9455
3675.9669
4639.6902
3235.8228
8976.345
7521.0371
779.9451
5959.4381
8020.6771
5601.9981
4795.4452
7666.067
2953.3562
5424.8177
377.8035
3388.6595
3901.8052
8354.1344
8954.6043
370.0989
8219.3722
6249.1179
6742.8466
7369.177
600.9777
2409.8357
6367.2106
2490.2685
2473.1172
926.5268
537.6852
1658.6019
6107.6288
6865.8815
3037.9719
5194.8404
3242.9837
3859.1887
3021.6873
4275.6392
187.5743
3577.3811
9899.449
6669.5469
1639.6189
1799.5946
9776.8148
3946.2216
3346.4079
7294.6296
663.4644
3296.647
3133.2234
1731.832
2964.9294
2963.7891
3317.7523
7978.7897
7156.9343
3129.051
399.8601
3414.7966
7638.1461
8067.4792
37.792
9794.7879
5930.6946
6726.2764
1309.4137
6394.0357
4490.0165
5673.8192
4627.4154
4382.7962
6450.3018
534.5586
523.6599
8495.6067
4807.424
1365.4483
4214.9354
1517.3345
4679.1062
5752.1804
7893.5154
6269.5015
199.2679
3332.6811
120.9721
3796.4265
6539.5659
3021.1396
7156.484
2547.245
6376.0714
4162.6221
3421.6723
2274.8227
1613.1979
1878.3969
537.2372
4358.9204
3457.591
6056.379
9340.8615
4237.5612
5981.0045
933.1423
1498.8471
1723.8457
7415.9834
7321.0717
316.6568
1310.9503
4562.1194
5316.7223
2179.5022
1856.483
8385.3317
9037.4574
7770.9024
1894.114
6662.1866
3751.394
1296.2413
2154.8829
479.2971
4465.1215
9759.9931
886.5424
9867.1474
2779.3352
478.8383
9273.8969
8674.4611
5378.4243
631.3267
3187.4563
4641.3639
7855.6478
5291.5219
3484.5061
2856.1779
1472.0152
7822.4926
8492.6696
3580.8032
6578.0196
5518.256
308.6421
6889.5571
8742.3863
2148.2083
6882.4643
5422.0648
7354.4696
5513.0619
9122.3854
1325.7027
9811.6779
9726.9386
9076.2881
7209.8439
4069.7248
3558.6004
6526.1719
6374.7949
3414.948
6063.4261
3536.6602
9330.3026
753.256
5402.2898
2423.5936
7661.564
4465.7227
6319.8912
6825.0998
136.3662
257.7894
5890.1192
9246.9147
7389.0719
1849.5773
1287.5135
961.4499
9389.7338
7984.2619
8978.2793
175.5132
1683.9838
9755.3198
1690.4734
7961.4318
5662.9555
5983.9671
6393.9977
3891.9213
4724.7519
8322.0109
1175.3847
3756.6885
678.2712
3946.6559
7549.3482
1439.3603
7341.0168
3602.3234
6111.4575
4073.9232
6959.8711
3272.8789
9562.0682
9331.1558
2938.9911
1974.9819
2342.0111
8449.5957
8513.436
328.4055
6611.3027
2134.3011
7292.1446
6685.8725
8688.3536
7420.3901
8223.5023
7419.6242
9725.4412
907.5718
1131.4506
154.2661
5614.5775
480.8811
9312.3819
620.2142
773.1866
478.9271
1230.4702
8310.0461
7037.4603
6704.7986
3546.0537
7522.06
6111.6068
6465.965
3290.1705
8725.6594
4143.7013
4992.4811
7842.5033
4708.7386
8514.6291
863.8908
7035.4629
649.3453
3371.3027
2431.6477
389.1475
6612.8499
7771.7582
8813.1028
4412.847
9889.8631
2705.8647
891.8983
1168.5752
5438.4218
2949.5596
9788.3143
8356.5812
2615.8278
1051.6646
8599.2132
9690.3011
2219.9099
239.5211
4568.5664
6879.1115
2864.7701
2377.4389
44.3873
3240.3824
9331.868
9604.1402
1357.8985
8480.9896
8308.6913
7071.5706
6760.8147
8677.2874
5537.8574
7564.9999
292.6907
6630.333
8897.9371
6758.96
7119.4364
6168.0374
9400.0634
8436.1828
9183.1379
6763.1166
6580.0059
2223.9438
6778.6704
7811.4476
3043.9826
3432.9088
7275.4024
8634.6751
6030.6516
9201.5036
3649.4665
7286.0133
4073.771
8670.4255
5259.9018
4870.4014
8680.0541
3674.2526
9507.1299
2191.2124
9753.7448
8768.4645
9863.404
1952.27
2887.7538
4252.5386
985.3168
806.4038
4415.579
9527.8125
6921.1665
2684.2962
2446.772
7247.0192
4411.3573
2140.6067
387.647
3571.8934
3203.0014
9394.035
5380.0496
8205.248
9294.0114
2530.3494
4516.767
9505.7077
8833.0985
5771.6317
6262.8786
9297.9406
9776.4412
6121.1103
4694.8708
5341.6276
3895.2109
3620.9652
4266.2606
6546.4913
4495.8981
5799.5315
1540.0038
4717.1237
2983.533
4589.5432
8329.0473
4042.5624
5667.7481
4282.3292
6500.358
2069.2313
7399.412
4939.4104
4645.1147
5417.8203
4818.0298
8529.2329
5765.951
6233.2161
6322.2977
6787.4466
6785.2933
9442.5461
1188.4454
1512.8453
3622.6387
2121.9755
2622.5604
4356.0931
7615.0042
2521.529
6293.6917
1456.5691
4921.3001
8021.7214
3388.0667
5581.2349
8177.8265
8967.893
1752.6506
8989.9394
4449.2436
1890.1461
3759.1914
4908.8948
6663.0275
984.7962
827.8904
1710.9844
7845.2111
2101.7014
251.697
8319.1275
1207.9496
5633.5777
2636.2847
4287.0088
2335.6579
1346.7843
1785.6283
8306.3332
6067.8331
8930.2808
8844.7761
6727.1764
6533.2379
7327.3442
310.2684
7776.3004
9715.1446
1685.5157
4366.2055
4250.2056
9708.0153
72.1801
8109.6523
4465.8572
6380.376
9912.4286
5341.408
5066.0888
243.2395
3301.4243
661.1421
2657.2968
7590.2229
3767.1281
1935.4259
1770.7819
8610.4237
9810.4627
314.188
7549.6833
2993.8024
1272.7811
7062.1964
6705.2435
7619.2522
3408.7465
7464.7553
9638.7138
2901.5534
7087.969
2730.074
952.8225
3120.3319
9119.3887
7531.7679
841.4589
9677.0041
6098.8227
2389.7543
6086.2052
7412.5939
5899.6337
2471.4341
6189.6786
4845.3744
1901.2235
7157.8315
139.2013
1832.0296
5305.5003
6112.4007
409.4194
4511.0344
8119.9027
7266.6996
5410.5064
7379.4801
5572.1112
2387.8979
1631.6996
8229.8032
5570.0705
6430.3884
5623.7665
3718.4876
3448.2553
255.1589
5393.177
2298.2071
221.6553
1870.9984
7356.562
2504.3498
5150.5808
9298.7996
8888.0183
9026.5662
8875.2958
4933.1141
6298.428
5354.8935
6368.176
9248.4018
5730.8946
633.4146
7386.5496
6030.0046
4553.3807
447.4059
7045.1493
8096.9935
4780.7212
5929.0454
1273.3207
4991.9291
796.6473
7656.4775
8318.7233
2113.1988
815.2235
4094.0345
4103.7795
7746.4128
1295.1357
6599.3832
6813.8753
9769.1843
3821.3311
7460.4266
4448.9422
6779.3216
6296.7287
7520.4584
5199.2293
7929.9838
616.9815
3755.855
2530.6018
1555.1585
9911.5887
4649.8804
7034.9348
8890.6826
3375.6552
9308.4584
9585.7067
2132.9315
3345.2382
6930.4703
947.1338
7028.3568
3525.6604
4080.635
9504.9292
6037.0711
6280.2316
9042.1388
3530.537
9.9212
2392.4862
8754.42
6813.5503
1651.5313
2613.5942
367.9011
6121.7331
907.6083
3847.5122
6328.8357
3539.6341
1919.9204
457.8997
987.9395
881.7252
2087.8759
200.394
1077.6555
6773.1939
2803.9321
8169.0934
5473.8936
4336.8758
4180.2828
3491.6345
274.391
45.9992
8870.1711
9976.5682
3896.2972
3518.6408
5939.8498
1121.8632
6674.2307
2012.2647
2153.9747
6265.1902
2164.1412
1624.8472
5131.5007
793.2249
2417.5695
5158.4861
4601.6657
6086.4064
1793.8857
2360.2991
8259.9502
4856.7345
6305.5187
8537.1786
7382.7516
7039.0634
7884.4711
5146.7786
8445.5709
6625.6449
8000.6361
7622.0405
3365.6276
4018.6274
7338.3015
6226.2011
1399.256
4653.4214
4957.658
7089.5845
4779.6235
7477.8031
2708.5179
8615.5
8787.3486
580.4565
2961.1554
2053.9577
7383.3659
2456.7164
5625.1913
4221.2119
6974.6095
5048.6852
9978.5789
9201.9594
3506.5523
1319.0414
2930.1036
7109.9152
3063.0907
520.5372
6012.138
7071.3877
7560.1645
8325.2475
7075.8629
6298.5322
1882.1706
4189.2824
929.0599
4055.3676
865.1427
5078.8726
3142.9659
4685.2745
2529.8805
4088.9615
8115.2512
677.818
4074.0376
5842.8866
4.6518
656.0406
8162.4847
1132.0788
6328.6683
9402.2803
2934.3726
1155.6397
9330.3889
8658.5762
8800.1952
6694.5127
9450.8857
4920.0175
9553.7297
6552.6198
8201.9945
3988.5099
4305.2048
8385.8595
6502.3915
3991.4816
2094.4857
8033.3357
5722.6698
2274.2116
9775.5178
1902.9578
2320.4281
4584.5185
1827.7929
4603.5029
5656.7642
5019.1488
8690.276
3390.1715
5224.1406
2990.9324
8620.8164
9116.412
4725.0846
3278.3327
8380.5501
3208.9437
8055.7803
3537.2057
4201.8256
1939.4045
5587.4581
3749.1312
6769.4674
1948.4093
1438.8137
3089.3237
377.2197
6883.1212
8646.4717
7957.379
2655.0318
1857.0429
6481.8153
9114.317
8916.3404
8980.3388
1660.4755
537.1483
1017.4652
6647.4662
3544.6093
6883.0356
7646.5763
4890.6459
4190.675
6992.904
1284.8758
9706.4928
9588.7539
4180.5071
8970.1661
5712.4932
4746.6503
1377.6022
1291.0881
366.3987
120.8921
2499.315
7601.3747
3178.3868
1071.7937
6415.5734
6718.1333
501.0584
9620.2397
6457.0633
9253.2893
9461.4003
8795.9487
199.2236
577.6419
4642.7719
279.1996
3548.1356
6536.6935
6235.3053
8200.13
4484.8336
930.2038
6590.3905
7244.3061
3883.7834
5278.8118
1082.0635
651.8877
6102.5406
6203.7286
4886.3679
4673.6111
179.1259
7409.7278
1370.1649
1860.4514
7942.225
2690.083
9624.5163
1928.2791
9022.9188
3016.2281
3160.8825
3896.0741
9201.8662
6699.5409
1524.9823
1655.2082
2050.103
3618.1515
8888.5997
8298.2157
9868.5269
1655.3538
4055.8429
5348.9801
8002.9172
9651.9348
938.4305
8170.5941
3232.8513
5211.7394
1409.3534
89.877
5723.9272
4050.5511
6791.3045
9462.4066
3811.0703
2464.0459
8571.2468
3274.2584
863.1339
143.0966
2542.6988
8043.4518
6060.9962
9562.683
7870.5103
8353.2628
3520.2084
4561.6796
5973.8658
7778.5317
210.6604
9466.3141
4135.3857
7648.0639
1280.6636
2969.5275
4123.7142
8310.4841
108.2731
7987.4516
2551.0109
8868.697
5589.1011
9050.0301
7723.1386
3.9207
6536.917
101.2643
3231.4707
4001.1574
55.7853
8760.7253
8735.2375
5735.6876
8260.235
4425.8411
5049.3532
2215.9405
606.2649
7984.9372
4844.9437
3796.0795
5797.5164
5687.2731
9683.7238
6530.4969
7646.3666
8549.4421
2827.2749
88.7199
2064.7905
6935.566
4960.9271
6994.9768
8553.181
8875.8487
3197.6568
4472.3765
8653.2225
1178.8001
4166.5657
9556.3026
768.9529
8943.493
942.18
1121.7935
501.6481
9888.8008
2920.7687
219.339
463.8209
4960.5521
6781.7912
8488.6093
7111.4858
5954.2575
8895.8442
7735.5125
5342.3456
537.5658
4075.9569
2942.0894
1334.8407
8689.2457
4798.9405
4237.3166
4064.2083
2574.4476
9101.8859
2834.7266
1506.0774
7762.8512
239.5493
130.1515
9057.1282
9536.2336
3543.7146
6167.5386
4398.4392
94.5599
2878.1024
857.0422
9752.2331
6245.2584
368.7383
4956.1488
9211.3976
2224.908
2454.9245
1268.9907
5965.8513
9488.1677
2747.9587
1265.8193
9776.7797
8159.4943
3044.8991
332.3878
3999.1061
4457.1196
9849.9752
5084.4846
7954.9957
4696.4875
5895.8416
4785.1393
5778.1067
4215.339
1502.0875
7984.1432
5048.1482
2894.8002
9943.9462
4024.6451
9601.8229
9723.6
4889.8656
8202.2254
3696.7503
5575.5169
4773.7623
2863.0832
9021.0283
3597.1435
1185.8438
1761.4901
2788.6142
5486.3585
7728.0224
5750.4187
8030.1578
5280.6799
6271.1895
5537.3457
2909.0186
5668.9786
2112.0596
4893.7479
3782.4317
3612.508
7076.9309
1339.7827
9768.2799
3219.5447
4859.3254
1510.023
6720.1942
2898.1978
99.4561
4564.0903
7268.0354
2084.3125
8419.7996
3198.2523
4911.8722
9899.7443
6517.3837
9939.6471
6935.03
8451.9738
1700.88
8048.9182
9892.5955
8672.6205
6332.006
7179.3912
667.2352
5176.4059
3801.236
8627.0166
8821.8245
306.7521
2806.958
624.7032
2570.3923
7027.8992
4351.3632
2190.3154
3672.3677
3106.0539
7358.9049
793.1537
4791.0531
9838.8303
279.7773
