25180.254166539904
8904.21041034262
8576.023425534748
8186.192307038837
8186.192307038837
8186.192307038837
7980.286236959622
7980.286236959622
7775.188140579554
7775.188140579554
7775.188140579554
7775.188140579554
7727.534336795974
7727.534336795974
7727.534336795974
7727.534336795974
7727.534336795974
7727.534336795974
7727.534336795974
7727.534336795974
7727.534336795974
7727.534336795974
7727.534336795974
7727.534336795974
7727.534336795974
7727.534336795974
7727.534336795974
7727.534336795974
7727.534336795974
7727.534336795974
7727.534336795974
7727.534336795974
7688.152016022308
7688.152016022308
7688.152016022308
7688.152016022308
7688.152016022308
7688.152016022308
7688.152016022308
7688.152016022308
7688.152016022308
7688.152016022308
7647.39763497535
7647.39763497535
7647.39763497535
7647.39763497535
7647.39763497535
7647.39763497535
7647.39763497535
7647.39763497535
